Event ID 	 Species 	 Init KE (keV) 	 xPos (m) 	 yPos (m) 	 zPos (m) 	 xMomentum 	 yMo 	 zMo 	 time (ns) 	 weight 	Trapped? 	 Comp Time (s) 	 Energy Deposited (keV): East Scint 	 East MWPC 	 West Scint 	 West MWPC 
10000	11	150.405	0.0161599	0.0225766	-0.394635	-0.459323	0.379025	-0.803345	0	1	0	0.080304	SD_scint_EAST	134.595	116.248	1.16033e-08	55	-2.55523	3.6733	-0.231448	0.0485102	0.10025	0.000398033	39.3786	0	134.595	0	SD_wireVol_EAST	3.52184	3.31851	1.13622e-08	3	-0.0686733	0.0983762	-0.00100478	0.00134449	0.00276075	0.000124686	32.0974	0	144.986	31.2957	SD_scint_WEST	0	0	0	0	0	0	0	0	0	0	0	0	-1000	500	SD_wireVol_WEST	0	0	0	0	0	0	0	0	0	0	0	0	0	0	
10001	11	602.852	0.00847694	-0.0511736	0.542865	0.756243	-0.624038	0.196655	0	1	0	0.10735	SD_scint_EAST	0	0	0	0	0	0	0	0	0	0	0	0	24874.4	0	SD_wireVol_EAST	0	0	0	0	0	0	0	0	0	0	0	0	2.17577e+06	-10.7689	SD_scint_WEST	594.974	561.357	2.50205e-08	199	6.05629	-38.2692	-0.801543	0.0617433	2.46153	0.00109781	49.6868	0	594.974	500	SD_wireVol_WEST	2.92529	2.86313	2.47968e-08	2	0.0399626	-0.186713	-0.00933201	0.000558618	0.0119859	0.000140788	45.6529	0	600.332	7.29112e-301	
10002	11	240.999	0.0232774	0.0015382	-0.570416	0.456605	0.553339	0.696655	0	1	0	0.075432	SD_scint_EAST	0	0	0	0	0	0	0	0	0	0	0	0	17237.9	0	SD_wireVol_EAST	0	0	0	0	0	0	0	0	0	0	0	0	2.15733e+06	-16.1107	SD_scint_WEST	215.531	192.917	1.75085e-08	76	6.89092	0.1792	-0.326332	0.220316	0.000150921	0.000496775	56.6589	0	215.531	500	SD_wireVol_WEST	1.14037	1.09376	1.72643e-08	1	0.0328921	0.003393	-0.00450122	0.000954714	1.28772e-05	4.74285e-05	32.0757	46.3067	237.246	219.138	
10003	11	362.689	0.0404409	-0.0354274	0.742084	-0.606476	-0.734961	-0.303345	0	1	0	0.100496	SD_scint_EAST	0	0	0	0	0	0	0	0	0	0	0	0	0	0	SD_wireVol_EAST	0	0	0	0	0	0	0	0	0	0	0	0	-2.13191e+06	-12.4925	SD_scint_WEST	0	0	0	0	0	0	0	0	0	0	0	0	-1000	500	SD_wireVol_WEST	0	0	0	0	0	0	0	0	0	0	0	0	0	0	
10004	11	476.296	-0.00679349	0.0180206	-0.230573	0.994027	0.0952095	-0.0533447	0	1	0	0.160972	SD_scint_EAST	464.234	433.892	1.1146e-07	155	4.45251	11.1273	-0.467029	0.0427083	0.266725	0.000525486	54.6746	0	464.234	0	SD_wireVol_EAST	2.35926	2.29979	1.11185e-07	3	0.021538	0.0664583	-0.00727311	0.000210695	0.00189941	0.000123237	55.1875	0	472.068	-6.43192	SD_scint_WEST	0	0	0	0	0	0	0	0	0	0	0	0	-1000	500	SD_wireVol_WEST	0	0	0	0	0	0	0	0	0	0	0	0	0	7.29112e-301	
10005	11	79.7563	-0.0231132	-0.0510847	0.331927	-0.32078	-0.0307248	0.946655	0	1	0	0.053879	SD_scint_EAST	0	0	0	0	0	0	0	0	0	0	0	0	0	0	SD_wireVol_EAST	0	0	0	0	0	0	0	0	0	0	0	0	1.5e+06	-5.42886	SD_scint_WEST	0	0	0	0	0	0	0	0	0	0	0	0	-1000	500	SD_wireVol_WEST	0	0	0	0	0	0	0	0	0	0	0	0	0	0	
10006	11	300.154	-0.0104047	0.00599975	-0.031354	-0.085306	0.89063	0.446655	0	1	0	0.09473	SD_scint_EAST	0	0	0	0	0	0	0	0	0	0	0	0	0	0	SD_wireVol_EAST	0	0	0	0	0	0	0	0	0	0	0	0	1.5e+06	-12.3981	SD_scint_WEST	291.326	265.848	2.01756e-08	102	-4.19852	2.78714	-0.421879	0.0605091	0.0266671	0.000614973	47.9921	0	291.326	500	SD_wireVol_WEST	2.40347	2.31909	1.99474e-08	2	-0.0389592	0.0187579	-0.00592751	0.000643267	0.000151477	5.75298e-05	45.524	0	295.636	0	
10007	11	181.556	-0.0558476	-0.0149964	0.156146	0.0794181	-0.829158	-0.553345	0	1	0	0.085626	SD_scint_EAST	0	0	0	0	0	0	0	0	0	0	0	0	0	0	SD_wireVol_EAST	0	0	0	0	0	0	0	0	0	0	0	0	-2.13191e+06	9.37943	SD_scint_WEST	0	0	0	0	0	0	0	0	0	0	0	0	-1000	500	SD_wireVol_WEST	0	0	0	0	0	0	0	0	0	0	0	0	0	0	
10008	11	387.968	0.0216462	-0.0347683	-1.00401	0.215172	0.702531	-0.678345	0	1	0	0.077026	SD_scint_EAST	380.101	351.658	6.74448e-09	127	-10.5545	-17.2946	-0.544175	0.293101	0.786911	0.000783452	26.147	0	380.101	0	SD_wireVol_EAST	1.70966	1.65987	6.56957e-09	2	-0.0428911	-0.0739566	-0.00796255	0.00108156	0.0032166	6.9932e-05	28.1239	0	384.871	8.1493	SD_scint_WEST	0	0	0	0	0	0	0	0	0	0	0	0	-1000	500	SD_wireVol_WEST	0	0	0	0	0	0	0	0	0	0	0	0	0	7.29112e-301	
10009	11	263.025	0.0098511	0.0423516	1.05849	-0.277289	-0.905344	0.321655	0	1	0	0.107801	SD_scint_EAST	0	0	0	0	0	0	0	0	0	0	0	0	12245.3	0	SD_wireVol_EAST	0	0	0	0	0	0	0	0	0	0	0	0	2.15733e+06	-39.4595	SD_scint_WEST	241.344	218.334	1.25681e-08	88	4.34114	13.0997	-0.408555	0.0780892	0.711029	0.000691705	55.6694	0	241.344	500	SD_wireVol_WEST	6.64221	6.38505	1.22762e-08	5	0.111928	0.355445	-0.0207629	0.00189899	0.0190622	0.000216696	42.4248	0	259.428	0	
10010	11	513.749	0.036074	-0.0122239	-0.804791	-0.544995	0.166921	0.821655	0	1	0	0.068967	SD_scint_EAST	0	0	0	0	0	0	0	0	0	0	0	0	0	0	SD_wireVol_EAST	0	0	0	0	0	0	0	0	0	0	0	0	2.20002e+06	-22.7792	SD_scint_WEST	509.267	477.633	1.39286e-08	149	23.733	-8.68264	-0.432534	1.10606	0.148056	0.000460574	18.1639	0	509.267	500	SD_wireVol_WEST	1.80558	1.76269	1.37692e-08	1	0.0834107	-0.0332181	-0.0102067	0.00386727	0.000618001	9.99794e-05	23.6602	25.3128	512.838	511.031	
10011	11	108.281	0.0409977	0.0202451	0.882709	0.940829	-0.288158	-0.178345	0	1	0	0.396794	SD_scint_EAST	0	0	0	0	0	0	0	0	0	0	0	0	87686.7	0	SD_wireVol_EAST	17.2501	15.9159	8.77381e-08	9	-0.90261	0.445852	-0.0707165	0.047273	0.0115498	0.000365277	59.8914	0	101.538	-26.1913	SD_scint_WEST	0	0	0	0	0	0	0	0	0	0	0	0	-1000	500	SD_wireVol_WEST	51.0723	39.4744	1.29383e-07	13	2.56704	1.40546	-0.161928	0.129151	0.0387566	0.00201363	46.1461	0	58.8452	0	
10012	11	204.12	-0.0011503	-0.0357228	-1.21495	-0.423821	0.798058	-0.428345	0	1	0	0.126546	SD_scint_EAST	137.366	118.845	1.06247e-08	39	-0.0393639	-6.29153	-0.225081	1.17264e-05	0.28816	0.00036915	48.8471	0	147.483	0	SD_wireVol_EAST	17.6684	16.7995	8.89886e-09	7	0.0670667	-0.811667	-0.000327979	0.000294919	0.0374353	0.000667673	52.4871	0	200.448	1.83854	SD_scint_WEST	0	0	0	0	0	0	0	0	0	0	0	0	-1000	500	SD_wireVol_WEST	0	0	0	0	0	0	0	0	0	0	0	0	0	0	
10013	11	322.99	-0.0331148	0.0353184	1.22255	0.384834	-0.724647	0.571655	0	1	0	0.086846	SD_scint_EAST	0	0	0	0	0	0	0	0	0	0	0	0	6208.29	0	SD_wireVol_EAST	0	0	0	0	0	0	0	0	0	0	0	0	2.17495e+06	-1.08024	SD_scint_WEST	313.884	287.507	6.33222e-09	117	-13.3444	14.4563	-0.498507	0.567332	0.665805	0.000792325	30.9016	0	313.884	500	SD_wireVol_WEST	3.49729	3.38114	6.13737e-09	2	-0.143573	0.164981	-0.00759545	0.00591538	0.00780936	0.00015893	37.0872	0	320.218	0	
10014	11	13.6403	-0.0257069	-0.0197475	-1.39073	0.880913	0.467822	0.0716553	0	1	0	0.094971	SD_scint_EAST	0	0	0	0	0	0	0	0	0	0	0	0	0	0	SD_wireVol_EAST	0	0	0	0	0	0	0	0	0	0	0	0	1.5e+06	8.68875	SD_scint_WEST	0	0	0	0	0	0	0	0	0	0	0	0	-1000	500	SD_wireVol_WEST	0	0	0	0	0	0	0	0	0	0	0	0	0	0	
10015	11	424.258	-0.0500096	0.00655665	1.42177	-0.328297	-0.174347	-0.928345	0	1	0	0.060767	SD_scint_EAST	415.362	386.264	1.55008e-08	131	27.7883	3.58249	-0.462824	1.85907	0.0309011	0.00055412	31.4292	0	415.362	0	SD_wireVol_EAST	4.59511	4.46947	1.53354e-08	4	0.298738	0.0348769	0.0113283	0.0194537	0.000266139	0.000152533	15.3112	0	421.954	-12.2077	SD_scint_WEST	0	0	0	0	0	0	0	0	0	0	0	0	-1000	500	SD_wireVol_WEST	0	0	0	0	0	0	0	0	0	0	0	0	0	0	
10016	11	377.269	-0.00771053	0.0432482	-0.676618	-0.311587	0.313264	-0.897095	0	1	0	0.065883	SD_scint_EAST	368.617	340.538	6.85079e-09	119	4.57873	20.1602	-0.51206	0.0568822	1.10261	0.000725065	31.3744	0	368.617	0	SD_wireVol_EAST	1.72952	1.67817	6.68928e-09	2	0.0185936	0.0947997	-0.00378552	0.000202815	0.00521716	0.000109744	20.5742	0	374.557	-27.208	SD_scint_WEST	0	0	0	0	0	0	0	0	0	0	0	0	-1000	500	SD_wireVol_WEST	0	0	0	0	0	0	0	0	0	0	0	0	0	0	
10017	11	253.839	-0.0205445	-0.0294595	0.635882	0.701462	-0.705238	0.102905	0	1	0	0.128272	SD_scint_EAST	0	0	0	0	0	0	0	0	0	0	0	0	47076.3	0	SD_wireVol_EAST	0	0	0	0	0	0	0	0	0	0	0	0	2.15733e+06	3.29535	SD_scint_WEST	228.779	205.892	4.73213e-08	79	-6.0491	-8.58071	-0.355047	0.159944	0.321834	0.000553031	30.5154	0	228.779	500	SD_wireVol_WEST	2.72394	2.61108	4.7105e-08	4	-0.0659488	-0.0985187	-0.013055	0.00160429	0.00358106	0.000129661	36.6375	0	233.68	0	
10018	11	662.783	-0.0316191	0.0270207	-0.477399	0.565651	0.562622	0.602905	0	1	0	0.081228	SD_scint_EAST	0	0	0	0	0	0	0	0	0	0	0	0	15788.1	0	SD_wireVol_EAST	0	0	0	0	0	0	0	0	0	0	0	0	2.17488e+06	-0.842812	SD_scint_WEST	656.992	622.019	1.58989e-08	211	-27.996	26.5217	-0.704055	1.19307	1.07064	0.000813841	34.0783	0	656.992	500	SD_wireVol_WEST	1.86038	1.82348	1.57261e-08	3	-0.0806967	0.0704327	0.000107354	0.00352592	0.00268853	0.000107415	38.036	0	660.863	0	
10019	11	164.227	-0.0388241	-0.00304448	0.460101	-0.650707	-0.647222	-0.397095	0	1	0	0.316966	SD_scint_EAST	12.7267	11.6241	3.20148e-08	3	0.593051	-0.0760771	-0.0222151	0.0276355	0.00045477	3.87776e-05	46.812	0	85.8037	0	SD_wireVol_EAST	19.8575	18.349	3.15801e-08	6	0.981416	-0.0853821	-0.000135145	0.0487652	0.000382252	0.000442785	69.035	0	153.935	14.4938	SD_scint_WEST	0	0	0	0	0	0	0	0	0	0	0	0	-1000	500	SD_wireVol_WEST	0	0	0	0	0	0	0	0	0	0	0	0	0	0	
10020	11	194.778	0.0195762	0.0447204	-0.137555	0.00265526	0.989119	-0.147095	0	1	0	0.174804	SD_scint_EAST	90.5257	76.2868	5.45684e-08	31	-2.4686	5.47257	-0.156787	0.0677885	0.330835	0.000271556	62.5717	0	175.451	0	SD_wireVol_EAST	37.5856	34.6543	5.42002e-08	15	-1.02295	2.25072	0.0255514	0.0280235	0.135115	0.00106921	52.3434	0	188.79	-5.89529	SD_scint_WEST	0	0	0	0	0	0	0	0	0	0	0	0	-1000	500	SD_wireVol_WEST	0	0	0	0	0	0	0	0	0	0	0	0	0	0	
10021	11	313.406	0.0108653	-0.0277838	0.0499449	-0.00140147	-0.522064	0.852905	0	1	0	0.062383	SD_scint_EAST	0	0	0	0	0	0	0	0	0	0	0	0	10432.6	0	SD_wireVol_EAST	0	0	0	0	0	0	0	0	0	0	0	0	2.15733e+06	-3.91876	SD_scint_WEST	304.643	278.681	1.06479e-08	98	4.12986	-11.3326	-0.407811	0.0559871	0.421574	0.000554484	33.8218	0	304.643	500	SD_wireVol_WEST	1.75762	1.69795	1.04574e-08	1	0.0267715	-0.0631469	-0.00832066	0.000413092	0.002282	8.63803e-05	31.4541	34.3978	309.654	307.896	
10022	11	96.8178	0.0449736	0.0126701	-0.313336	-0.935656	0.00251174	0.352905	0	1	0	0.149486	SD_scint_EAST	0	0	0	0	0	0	0	0	0	0	0	0	0	0	SD_wireVol_EAST	0	0	0	0	0	0	0	0	0	0	0	0	1.5e+06	18.3106	SD_scint_WEST	38.2736	28.3335	4.12961e-08	10	2.26549	0.619784	-0.0666288	0.134098	0.0100365	0.000115991	2.42615	0	38.2736	500	SD_wireVol_WEST	18.2249	11.983	4.09208e-08	3	1.0513	0.27522	0.0684136	0.0611247	0.00419888	0.00115485	45.13	0	88.4721	0	
10023	11	497.34	0.0291507	-0.016336	0.249164	0.762407	-0.00204666	-0.647095	0	1	0	0.081026	SD_scint_EAST	492.94	461.454	1.41915e-08	170	-19.9236	-7.88637	-0.687289	0.805332	0.126191	0.000964307	39.0737	0	492.94	0	SD_wireVol_EAST	0.969836	0.946253	1.4015e-08	1	-0.0364513	-0.0178619	-0.00343123	0.00138461	0.000332745	4.25639e-05	32.6709	33.5039	496.038	495.068	SD_scint_WEST	0	0	0	0	0	0	0	0	0	0	0	0	-1000	500	SD_wireVol_WEST	0	0	0	0	0	0	0	0	0	0	0	0	0	0	
10024	11	123.592	-0.0114284	-0.0520173	-0.910993	0.788839	0.324269	-0.522095	0	1	0	0.13412	SD_scint_EAST	0	0	0	0	0	0	0	0	0	0	0	0	12274.3	0	SD_wireVol_EAST	37.6336	34.6618	1.23275e-08	14	0.580737	-2.47564	0.0255808	0.00907758	0.16327	0.00150071	58.0299	0	118.758	6.5725	SD_scint_WEST	0	0	0	0	0	0	0	0	0	0	0	0	-1000	500	SD_wireVol_WEST	0	0	0	0	0	0	0	0	0	0	0	0	0	0	
10025	11	539.415	-0.0119296	0.0186475	0.776507	-0.812446	-0.333974	0.477905	0	1	0	0.085698	SD_scint_EAST	0	0	0	0	0	0	0	0	0	0	0	0	9954.8	0	SD_wireVol_EAST	0	0	0	0	0	0	0	0	0	0	0	0	2.17665e+06	-0.793005	SD_scint_WEST	533.594	501.381	1.00725e-08	174	-6.03616	9.96737	-0.593322	0.0683247	0.186249	0.000716664	44.0086	0	533.594	500	SD_wireVol_WEST	1.72759	1.68792	9.87964e-09	2	-0.0240069	0.0367854	-0.00541061	0.000343619	0.000796356	9.10628e-05	40.3578	0	537.849	0	
10026	11	275.93	-0.0457564	-0.0232978	-1.08677	-0.0794806	0.19335	0.977905	0	1	0	0.046798	SD_scint_EAST	0	0	0	0	0	0	0	0	0	0	0	0	0	0	SD_wireVol_EAST	0	0	0	0	0	0	0	0	0	0	0	0	2.22919e+06	-14.9559	SD_scint_WEST	252.348	232.032	1.47312e-08	94	-15.1292	-7.46208	-0.374811	0.90706	0.220658	0.000560214	4.93647	60.0512	267.182	0.215262	SD_wireVol_WEST	2.797	2.6933	1.45622e-08	3	-0.166509	-0.0836625	0.0035633	0.0099391	0.00250968	9.80231e-05	11.9812	0	273.655	0	
10027	11	403.417	-0.0254583	0.00827987	0.975726	0.380109	-0.924678	-0.0220947	0	1	0	0.318534	SD_scint_EAST	388.946	360.316	4.6814e-07	133	9.03167	4.90575	-0.570322	0.209725	0.0618998	0.000846708	67.4263	0	388.946	0	SD_wireVol_EAST	1.34384	1.30554	4.67849e-07	1	0.040205	0.0164039	-0.00570921	0.00122137	0.000202917	7.14995e-05	47.828	47.1543	396.649	395.255	SD_scint_WEST	0	0	0	0	0	0	0	0	0	0	0	0	-1000	500	SD_wireVol_WEST	0	0	0	0	0	0	0	0	0	0	0	0	0	0	
10028	11	441.416	0.0397409	-0.0413564	-1.49693	-0.88803	0.37063	-0.272095	0	1	0	1.03703	SD_scint_EAST	0	0	0	0	0	0	0	0	0	0	0	0	0	0	SD_wireVol_EAST	0	0	0	0	0	0	0	0	0	0	0	0	-1.5e+06	-1.36645	SD_scint_WEST	0	0	0	0	0	0	0	0	0	0	0	0	-1000	500	SD_wireVol_WEST	0	0	0	0	0	0	0	0	0	0	0	0	0	0	
10029	11	42.4561	0.000189045	0.00949	1.31557	0.632777	-0.264097	0.727905	0	1	0	0.088059	SD_scint_EAST	0	0	0	0	0	0	0	0	0	0	0	0	9514.26	0	SD_wireVol_EAST	0	0	0	0	0	0	0	0	0	0	0	0	2.15733e+06	-16.3833	SD_scint_WEST	0	0	0	0	0	0	0	0	0	0	0	0	-1000	500	SD_wireVol_WEST	15.8036	12.6077	9.57082e-09	4	0.0183777	0.187606	0.0304337	2.34661e-05	0.00223607	0.000442334	17.467	0	28.2413	0	
10030	11	336.609	0.055198	-0.00654895	-1.29771	0.375026	0.898563	0.227905	0	1	0	0.103934	SD_scint_EAST	0	0	0	0	0	0	0	0	0	0	0	0	0	0	SD_wireVol_EAST	0	0	0	0	0	0	0	0	0	0	0	0	2.1378e+06	21.1252	SD_scint_WEST	0	0	0	0	0	0	0	0	0	0	0	0	-1000	500	SD_wireVol_WEST	0	0	0	0	0	0	0	0	0	0	0	0	0	0	
10031	11	217.094	0.0139794	0.0110141	1.13979	-0.244773	-0.586477	-0.772095	0	1	0	0.076764	SD_scint_EAST	204.789	182.819	2.01934e-08	82	-3.45631	2.9412	-0.350013	0.0583339	0.0422426	0.000598242	59.8809	0	204.789	0	SD_wireVol_EAST	2.76031	2.63872	1.98167e-08	2	-0.0565	0.0375882	-0.00532382	0.0011735	0.000519665	0.000117329	58.9589	0	213.889	12.4944	SD_scint_WEST	0	0	0	0	0	0	0	0	0	0	0	0	-1000	500	SD_wireVol_WEST	0	0	0	0	0	0	0	0	0	0	0	0	0	0	
10032	11	524.302	-0.0106137	-0.00202696	0.729632	0.307272	0.457204	-0.834595	0	1	0	0.0669	SD_scint_EAST	518.161	486.429	1.33378e-08	160	7.406	-1.76525	-0.754932	0.105862	0.00606945	0.00110742	21.2372	0	518.161	0	SD_wireVol_EAST	1.56738	1.53063	1.31766e-08	1	0.0238265	-0.00431841	-0.00430296	0.000369905	1.27216e-05	4.95753e-05	28.498	26.7616	522.478	520.912	SD_scint_WEST	0	0	0	0	0	0	0	0	0	0	0	0	-1000	500	SD_wireVol_WEST	0	0	0	0	0	0	0	0	0	0	0	0	0	0	
10033	11	114.936	-0.0476364	0.0323592	-0.582868	-0.550117	-0.818543	0.165405	0	1	0	0.143003	SD_scint_EAST	0	0	0	0	0	0	0	0	0	0	0	0	0	0	SD_wireVol_EAST	0	0	0	0	0	0	0	0	0	0	0	0	1.5e+06	25.2899	SD_scint_WEST	0	0	0	0	0	0	0	0	0	0	0	0	-1000	500	SD_wireVol_WEST	0	0	0	0	0	0	0	0	0	0	0	0	0	0	
10034	11	394.517	-0.0118651	-0.0142343	0.553851	-0.619562	0.416388	0.665405	0	1	0	0.079031	SD_scint_EAST	0	0	0	0	0	0	0	0	0	0	0	0	9395.48	0	SD_wireVol_EAST	0	0	0	0	0	0	0	0	0	0	0	0	2.16371e+06	-8.25718	SD_scint_WEST	388.254	359.938	9.56335e-09	122	-6.00293	-8.85901	-0.638426	0.092817	0.202143	0.0010505	30.0512	0	388.254	500	SD_wireVol_WEST	1.345	1.30635	9.38697e-09	2	-0.022571	-0.02702	-0.00612997	0.000381528	0.000550468	5.91922e-05	32.2824	0	392.424	7.29112e-301	
10035	11	268.547	-0.00504683	0.0555959	-0.383649	0.782137	-0.52565	-0.334595	0	1	0	0.013767	SD_scint_EAST	0	0	0	0	0	0	0	0	0	0	0	0	0	0	SD_wireVol_EAST	0	0	0	0	0	0	0	0	0	0	0	0	-1.50023e+06	3.29838	SD_scint_WEST	0	0	0	0	0	0	0	0	0	0	0	0	-1000	500	SD_wireVol_WEST	0	0	0	0	0	0	0	0	0	0	0	0	0	0	
10036	11	27.7405	0.0219875	-0.0093051	0.143695	-0.191767	0.977788	-0.0845947	0	1	0	0.142774	SD_scint_EAST	0	0	0	0	0	0	0	0	0	0	0	0	0	0	SD_wireVol_EAST	0	0	0	0	0	0	0	0	0	0	0	0	-1.5e+06	-10.4182	SD_scint_WEST	0	0	0	0	0	0	0	0	0	0	0	0	-1000	500	SD_wireVol_WEST	0	0	0	0	0	0	0	0	0	0	0	0	0	0	
10037	11	431.497	0.0500495	0.0202842	-0.0438051	0.0774703	-0.395008	0.915405	0	1	0	0.0568	SD_scint_EAST	0	0	0	0	0	0	0	0	0	0	0	0	0	0	SD_wireVol_EAST	0	0	0	0	0	0	0	0	0	0	0	0	2.13193e+06	21.7269	SD_scint_WEST	0	0	0	0	0	0	0	0	0	0	0	0	-1000	500	SD_wireVol_WEST	0	0	0	0	0	0	0	0	0	0	0	0	0	0	
10038	11	209.693	0.00798664	-0.0270719	0.342914	0.892631	0.175066	0.415405	0	1	0	0.099869	SD_scint_EAST	0	0	0	0	0	0	0	0	0	0	0	0	18885	0	SD_wireVol_EAST	0	0	0	0	0	0	0	0	0	0	0	0	2.15733e+06	15.0352	SD_scint_WEST	196.347	174.701	1.91415e-08	69	2.01141	-6.04554	-0.308173	0.0206058	0.186143	0.000485202	28.6167	0	196.347	500	SD_wireVol_WEST	2.50451	2.39076	1.89151e-08	2	0.0218891	-0.0812587	-0.00617542	0.000193501	0.00265141	0.000107043	39.1111	0	204.646	0	
10039	11	328.796	0.0249196	0.045776	-0.219586	-0.796158	-0.156145	-0.584595	0	1	0	0.083875	SD_scint_EAST	320.567	294.183	1.35361e-08	90	-10.5492	18.6087	-0.37647	0.347155	1.08023	0.000463147	30.7876	0	320.567	0	SD_wireVol_EAST	2.88337	2.78903	1.33461e-08	3	-0.0957022	0.165394	0.00834456	0.00318738	0.00952098	0.000152959	36.4194	0	326.851	12.6443	SD_scint_WEST	0	0	0	0	0	0	0	0	0	0	0	0	-1000	500	SD_wireVol_WEST	0	0	0	0	0	0	0	0	0	0	0	0	0	7.29112e-301	
10040	11	231.822	-0.0313259	0.00648049	0.870257	-0.6907	0.139317	-0.709595	0	1	0	0.083036	SD_scint_EAST	223.523	200.602	1.95026e-08	94	9.34154	1.49053	-0.360451	0.390404	0.00993951	0.000582009	11.6965	0	223.523	0	SD_wireVol_EAST	1.38534	1.32739	1.93114e-08	1	0.0559516	0.0099091	-0.00426692	0.00227612	7.18206e-05	5.98559e-05	24.8156	28.7774	229.707	228.353	SD_scint_WEST	0	0	0	0	0	0	0	0	0	0	0	0	-1000	500	SD_wireVol_WEST	0	0	0	0	0	0	0	0	0	0	0	0	0	0	
10041	11	352.52	-0.0419219	-0.02755	-0.817243	0.938013	-0.189201	0.290405	0	1	0	0.107058	SD_scint_EAST	0	0	0	0	0	0	0	0	0	0	0	0	39154.3	0	SD_wireVol_EAST	0	0	0	0	0	0	0	0	0	0	0	0	2.17223e+06	1.07616	SD_scint_WEST	334.924	307.901	3.93416e-08	114	-18.8042	-11.762	-0.526273	1.05576	0.413071	0.000828216	54.4324	0	334.924	500	SD_wireVol_WEST	2.54155	2.46221	3.90801e-08	2	-0.135201	-0.0872608	-0.00393213	0.00723493	0.00302105	9.56632e-05	51.423	0	349.008	0	
10042	11	140.295	-0.0164272	0.0313065	1.06948	0.121122	0.600491	0.790405	0	1	0	0.078008	SD_scint_EAST	0	0	0	0	0	0	0	0	0	0	0	0	7350.7	0	SD_wireVol_EAST	0	0	0	0	0	0	0	0	0	0	0	0	2.18729e+06	-15.9982	SD_scint_WEST	131.371	113.136	7.42375e-09	52	-2.89026	5.34505	-0.215904	0.0635879	0.217473	0.00035511	22.9202	0	131.371	500	SD_wireVol_WEST	2.49449	2.3455	7.20376e-09	1	-0.0545897	0.101184	-0.00404083	0.00120049	0.00412387	0.000105537	26.6035	18.0767	137.782	135.278	
10043	11	574.808	-0.0143231	-0.0459492	-0.993024	-0.193331	-0.958485	-0.209595	0	1	0	0.108323	SD_scint_EAST	566.647	533.6	1.57651e-08	189	10.354	-33.0138	-0.66578	0.189256	1.92352	0.00080435	51.293	0	566.647	0	SD_wireVol_EAST	2.97499	2.90951	1.55483e-08	2	0.0458353	-0.179215	-0.00751641	0.000716841	0.0108638	0.000167092	48.6483	0	571.567	-6.09881	SD_scint_WEST	0	0	0	0	0	0	0	0	0	0	0	0	-1000	500	SD_wireVol_WEST	0	0	0	0	0	0	0	0	0	0	0	0	0	0	
10044	11	290.787	0.0273785	0.026963	1.40932	0.739774	0.491434	-0.459595	0	1	0	0.096202	SD_scint_EAST	284.997	259.688	3.25498e-08	96	-9.52401	10.6638	-0.39432	0.318273	0.399013	0.000553339	32.2244	0	284.997	0	SD_wireVol_EAST	1.69957	1.63904	3.23541e-08	1	-0.0582342	0.0622954	-0.00734282	0.00200789	0.00229933	8.63497e-05	34.211	36.6308	289.203	287.528	SD_scint_WEST	0	0	0	0	0	0	0	0	0	0	0	0	-1000	500	SD_wireVol_WEST	0	0	0	0	0	0	0	0	0	0	0	0	0	0	
10045	11	171.982	0.0460041	-0.000351751	-1.40318	-0.700855	-0.46558	0.540405	0	1	0	0.098012	SD_scint_EAST	0	0	0	0	0	0	0	0	0	0	0	0	32187.6	0	SD_wireVol_EAST	0	0	0	0	0	0	0	0	0	0	0	0	2.15734e+06	2.0184	SD_scint_WEST	146.635	127.837	3.25286e-08	59	8.74805	-0.126721	-0.252481	0.521896	0.000109537	0.000434779	43.0776	0	146.635	500	SD_wireVol_WEST	5.46451	5.17817	3.22257e-08	4	0.331905	-0.0105143	0.0183161	0.0202328	2.21134e-05	0.000237275	46.5543	0	168.1	0	
10046	11	462.332	0.00435909	0.0410393	1.23354	-0.552884	0.832278	0.0404053	0	1	0	0.134814	SD_scint_EAST	0	0	0	0	0	0	0	0	0	0	0	0	37180.8	0	SD_wireVol_EAST	0	0	0	0	0	0	0	0	0	0	0	0	2.17898e+06	5.47093	SD_scint_WEST	440.924	410.817	3.73054e-08	139	-0.0535481	23.2597	-0.65037	9.61065e-06	1.22709	0.000963431	50.8315	0	440.924	500	SD_wireVol_WEST	2.30729	2.248	3.70727e-08	2	0.00325843	0.121777	-0.0092299	1.8767e-05	0.00646014	0.000152518	52.2446	0	459.374	7.29112e-301	
10047	11	66.557	0.027513	-0.0340523	-1.20396	0.155701	-0.234383	-0.959595	0	1	0	0.04736	SD_scint_EAST	0	0	0	0	0	0	0	0	0	0	0	0	7079.14	0	SD_wireVol_EAST	0	0	0	0	0	0	0	0	0	0	0	0	-2.15734e+06	-10.926	SD_scint_WEST	0	0	0	0	0	0	0	0	0	0	0	0	-1000	500	SD_wireVol_WEST	0	0	0	0	0	0	0	0	0	0	0	0	0	0	
10048	11	494.209	-0.032241	-0.0396584	-0.11192	-0.32959	0.0170787	-0.94397	0	1	0	0.054069	SD_scint_EAST	485.169	453.986	8.53887e-09	151	20.2167	-26.5793	-0.378008	0.842456	1.45611	0.00040936	23.6189	0	485.169	0	SD_wireVol_EAST	3.59753	3.50934	8.38384e-09	2	0.153302	-0.185849	-0.0225614	0.00654415	0.00962072	0.000196716	14.0319	0	492.121	-16.8507	SD_scint_WEST	0	0	0	0	0	0	0	0	0	0	0	0	-1000	500	SD_wireVol_WEST	0	0	0	0	0	0	0	0	0	0	0	0	0	0	
10049	11	94.4605	-0.00270051	0.0261768	0.0755796	0.997091	-0.0516674	0.0560303	0	1	0	0.713424	SD_scint_EAST	0	0	0	0	0	0	0	0	0	0	0	0	0	0	SD_wireVol_EAST	0	0	0	0	0	0	0	0	0	0	0	0	1.5e+06	17.3823	SD_scint_WEST	0	0	0	0	0	0	0	0	0	0	0	0	-1000	500	SD_wireVol_WEST	0	0	0	0	0	0	0	0	0	0	0	0	0	0	
10050	11	311.502	-0.0530301	-0.000245314	-0.287702	0.0430116	0.830048	0.55603	0	1	0	0.078479	SD_scint_EAST	0	0	0	0	0	0	0	0	0	0	0	0	0	0	SD_wireVol_EAST	0	0	0	0	0	0	0	0	0	0	0	0	2.13192e+06	7.63815	SD_scint_WEST	0	0	0	0	0	0	0	0	0	0	0	0	-1000	500	SD_wireVol_WEST	0	0	0	0	0	0	0	0	0	0	0	0	0	0	
10051	11	192.9	-0.0153328	0.0151916	0.274798	-0.046369	-0.894841	-0.44397	0	1	0	0.102654	SD_scint_EAST	184.345	163.262	2.53105e-08	69	3.23853	3.12739	-0.311359	0.056895	0.0530567	0.000526054	65.4351	0	184.345	0	SD_wireVol_EAST	2.70769	2.57884	2.50685e-08	1	0.0488863	0.0509466	-0.00728206	0.000890649	0.000964214	0.000134743	29.4672	44.6501	191.574	188.874	SD_scint_WEST	0	0	0	0	0	0	0	0	0	0	0	0	-1000	500	SD_wireVol_WEST	0	0	0	0	0	0	0	0	0	0	0	0	0	0	
10052	11	162.273	0.0161747	-0.0524462	-0.697858	0.728645	0.656851	-0.19397	0	1	0	0.122685	SD_scint_EAST	0	0	0	0	0	0	0	0	0	0	0	0	0	0	SD_wireVol_EAST	0	0	0	0	0	0	0	0	0	0	0	0	-2.13191e+06	22.6879	SD_scint_WEST	0	0	0	0	0	0	0	0	0	0	0	0	-1000	500	SD_wireVol_WEST	0	0	0	0	0	0	0	0	0	0	0	0	0	0	
10053	11	651.094	0.00722815	0.0136747	0.614642	-0.439615	-0.3963	0.80603	0	1	0	0.073606	SD_scint_EAST	0	0	0	0	0	0	0	0	0	0	0	0	6971.15	0	SD_wireVol_EAST	0	0	0	0	0	0	0	0	0	0	0	0	2.15733e+06	-22.7274	SD_scint_WEST	643.588	608.913	7.15937e-09	236	9.28427	11.4814	-0.38334	0.133942	0.20483	0.000443904	34.0238	0	643.588	500	SD_wireVol_WEST	2.14967	2.10641	6.99281e-09	2	0.0215676	0.035267	0.00853646	0.00022791	0.000586151	0.000154531	32.5658	0	647.689	0	
10054	11	252.004	0.0472697	-0.0312693	-0.498639	-0.637443	0.707115	0.30603	0	1	0	0.14855	SD_scint_EAST	0	0	0	0	0	0	0	0	0	0	0	0	0	0	SD_wireVol_EAST	0	0	0	0	0	0	0	0	0	0	0	0	2.1319e+06	-14.9035	SD_scint_WEST	0	0	0	0	0	0	0	0	0	0	0	0	-1000	500	SD_wireVol_WEST	0	0	0	0	0	0	0	0	0	0	0	0	0	0	
10055	11	375.159	0.003479	0.000708763	0.438861	0.482091	-0.534784	-0.69397	0	1	0	0.075745	SD_scint_EAST	360.413	332.785	1.51746e-08	99	-2.76276	0.846601	-0.551736	0.0211951	0.00200566	0.000846013	30.7909	0	360.413	0	SD_wireVol_EAST	2.00868	1.948	1.49816e-08	1	-0.0135223	0.00589471	-0.0109587	9.97068e-05	2.03924e-05	0.000105904	38.7237	38.5259	365.332	363.322	SD_scint_WEST	0	0	0	0	0	0	0	0	0	0	0	0	-1000	500	SD_wireVol_WEST	0	0	0	0	0	0	0	0	0	0	0	0	0	0	
10056	11	229.985	-0.0202418	0.0374519	-1.4713	0.353598	0.742457	-0.56897	0	1	0	0.093872	SD_scint_EAST	218.707	195.973	5.23409e-09	73	6.4364	11.1965	-0.318648	0.189419	0.573199	0.000468324	34.1199	0	218.707	0	SD_wireVol_EAST	2.81549	2.69642	4.98825e-09	2	0.0824457	0.138566	0.00222195	0.00242909	0.00685249	7.96619e-05	47.4184	0	226.745	18.4395	SD_scint_WEST	0	0	0	0	0	0	0	0	0	0	0	0	-1000	500	SD_wireVol_WEST	0	0	0	0	0	0	0	0	0	0	0	0	0	0	
10057	11	350.509	-0.0114309	-0.0383198	1.3412	-0.387987	-0.814665	0.43103	0	1	0	0.096734	SD_scint_EAST	0	0	0	0	0	0	0	0	0	0	0	0	6611.29	0	SD_wireVol_EAST	0	0	0	0	0	0	0	0	0	0	0	0	2.18571e+06	-17.6314	SD_scint_WEST	340.503	313.32	6.70833e-09	120	-4.36674	-18.2347	-0.478797	0.0560147	0.976515	0.000681335	47.6488	0	340.503	500	SD_wireVol_WEST	1.78665	1.73073	6.45297e-09	1	-0.0196985	-0.0914677	-0.00383482	0.000219134	0.00472165	7.04935e-05	47.8749	53.3336	347.522	345.883	
10058	11	63.7814	-0.0415235	0.016975	-1.27208	-0.329484	0.156918	0.93103	0	1	0	0.057732	SD_scint_EAST	0	0	0	0	0	0	0	0	0	0	0	0	26754.3	0	SD_wireVol_EAST	0	0	0	0	0	0	0	0	0	0	0	0	2.15733e+06	-5.0958	SD_scint_WEST	45.9477	35.0463	2.7094e-08	15	-2.48738	1.02166	-0.0797484	0.134654	0.0227168	0.000138415	14.0514	0	45.9477	500	SD_wireVol_WEST	3.18964	2.85032	2.67922e-08	2	-0.172147	0.0684876	-0.000100236	0.0093471	0.00147975	0.000133141	6.06716	0	58.6682	0	
10059	11	459.629	-0.0341604	-0.0143352	1.16542	0.900688	-0.428956	-0.0689697	0	1	0	0.138427	SD_scint_EAST	450.138	420.01	1.62101e-07	164	19.5868	-8.11355	-0.49977	0.852303	0.146256	0.000591044	43.4267	0	450.138	0	SD_wireVol_EAST	2.33075	2.27056	1.61881e-07	2	0.0974898	-0.031823	-0.00567702	0.00409899	0.000452773	5.90167e-05	46.6781	0	456.375	-15.0672	SD_scint_WEST	0	0	0	0	0	0	0	0	0	0	0	0	-1000	500	SD_wireVol_WEST	0	0	0	0	0	0	0	0	0	0	0	0	0	7.29112e-301	
10060	11	419.519	0.00439369	0.0468297	-0.932233	-0.316896	0.893216	-0.31897	0	1	0	0.109116	SD_scint_EAST	412.953	383.62	1.29587e-08	144	-0.432978	23.1937	-0.518802	0.000459542	1.3027	0.000681572	50.6723	0	412.953	0	SD_wireVol_EAST	1.13335	1.10222	1.27354e-08	1	-0.00310987	0.0671085	-0.0036492	1.1981e-05	0.00401282	5.8619e-05	46.642	44.0644	417.694	416.602	SD_scint_WEST	0	0	0	0	0	0	0	0	0	0	0	0	-1000	500	SD_wireVol_WEST	0	0	0	0	0	0	0	0	0	0	0	0	0	0	
10061	11	288.922	0.0215948	-0.0260665	0.755267	0.244838	-0.69011	0.68103	0	1	0	0.072917	SD_scint_EAST	0	0	0	0	0	0	0	0	0	0	0	0	8560.54	0	SD_wireVol_EAST	0	0	0	0	0	0	0	0	0	0	0	0	2.1573e+06	11.988	SD_scint_WEST	271.042	246.195	8.78938e-09	83	8.53098	-9.54859	-0.366186	0.268513	0.33639	0.000502683	38.964	0	271.042	500	SD_wireVol_WEST	1.87622	1.80727	8.58879e-09	1	0.0543355	-0.0643475	-0.00875088	0.00158115	0.00222226	9.13284e-05	36.1906	32.44	276.586	274.737	
10062	11	569.879	0.0407111	0.0274755	-1.10801	0.926874	0.328837	0.18103	0	1	0	0.113046	SD_scint_EAST	0	0	0	0	0	0	0	0	0	0	0	0	61435.9	0	SD_wireVol_EAST	0	0	0	0	0	0	0	0	0	0	0	0	2.15733e+06	16.5486	SD_scint_WEST	552.144	519.562	6.17159e-08	165	26.3937	23.992	-0.648111	1.26174	1.04252	0.000812429	52.2626	0	552.144	500	SD_wireVol_WEST	8.91107	8.71268	6.14663e-08	5	0.476834	0.359281	0.0170062	0.025605	0.0145433	0.00036145	51.4358	0	565.224	0	
10063	11	138.245	0.0297621	-0.00577705	0.954486	-0.54081	-0.191869	-0.81897	0	1	0	0.075385	SD_scint_EAST	120.556	103.511	2.06431e-08	45	-4.87441	-0.818481	-0.199911	0.197085	0.00555688	0.000331655	51.4312	0	120.556	0	SD_wireVol_EAST	2.10231	1.97406	2.03964e-08	2	-0.0804544	-0.0166128	-0.00457255	0.00309574	0.000132621	9.08737e-05	16.6338	0	133.242	-6.06489	SD_scint_WEST	0	0	0	0	0	0	0	0	0	0	0	0	-1000	500	SD_wireVol_WEST	0	0	0	0	0	0	0	0	0	0	0	0	0	0	
10064	11	326.855	-0.0274355	0.0217504	0.16933	0.647205	0.0942289	-0.75647	0	1	0	0.151939	SD_scint_EAST	169.916	155.965	1.30048e-08	55	6.06813	5.35985	-0.291186	0.216945	0.169144	0.000499113	51.4273	0	319.413	0	SD_wireVol_EAST	10.2969	9.73457	1.27594e-08	3	0.355219	0.297865	0.00188188	0.0123924	0.00871479	0.000439337	52.9113	0	324.768	15.3205	SD_scint_WEST	0	0	0	0	0	0	0	0	0	0	0	0	-1000	500	SD_wireVol_WEST	0	0	0	0	0	0	0	0	0	0	0	0	0	0	
10065	11	207.838	-0.0475615	-0.0054973	-0.0181704	-0.959774	-0.139737	0.24353	0	1	0	0.124356	SD_scint_EAST	0	0	0	0	0	0	0	0	0	0	0	0	37316.2	0	SD_wireVol_EAST	0	0	0	0	0	0	0	0	0	0	0	0	2.15732e+06	-10.8436	SD_scint_WEST	185.489	164.346	3.75686e-08	55	-11.5938	-1.49595	-0.293897	0.72466	0.0120647	0.000466554	35.3075	0	185.489	500	SD_wireVol_WEST	1.4638	1.39466	3.73457e-08	1	-0.0907201	-0.0128706	-0.00300491	0.00566125	0.00011657	7.33363e-05	31.1846	31.5805	192.917	191.468	
10066	11	429.066	-0.0005341	0.0316048	0.368548	-0.096343	0.661726	0.74353	0	1	0	0.070782	SD_scint_EAST	0	0	0	0	0	0	0	0	0	0	0	0	9385.51	0	SD_wireVol_EAST	0	0	0	0	0	0	0	0	0	0	0	0	2.1686e+06	-16.0204	SD_scint_WEST	421.837	392.593	9.52519e-09	132	-1.08069	16.3873	-0.413421	0.00276868	0.636607	0.000467693	25.3604	0	421.837	500	SD_wireVol_WEST	1.61446	1.57074	9.3563e-09	2	-0.00579783	0.0653279	-0.00614918	2.16922e-05	0.00265929	6.12281e-05	27.9452	0	426.667	7.29112e-301	
10067	11	23.497	-0.0346993	-0.0358922	-0.193952	0.139256	-0.956468	-0.25647	0	1	0	0.16106	SD_scint_EAST	0	0	0	0	0	0	0	0	0	0	0	0	0	0	SD_wireVol_EAST	0	0	0	0	0	0	0	0	0	0	0	0	-1.5e+06	-2.64244	SD_scint_WEST	0	0	0	0	0	0	0	0	0	0	0	0	-1000	500	SD_wireVol_WEST	0	0	0	0	0	0	0	0	0	0	0	0	0	0	
10068	11	266.705	0.0383809	0.0123547	0.708392	-0.801589	0.597841	-0.00646973	0	1	0	7.31274	SD_scint_EAST	0	0	0	0	0	0	0	0	0	0	0	0	0	0	SD_wireVol_EAST	0	0	0	0	0	0	0	0	0	0	0	0	-1.5e+06	-18.6854	SD_scint_WEST	123.467	106.616	4.73739e-06	40	5.39865	1.99746	-0.212584	0.237271	0.0332884	0.000366086	73.2679	0	247.946	500	SD_wireVol_WEST	25.3932	24.0163	4.73701e-06	9	1.14725	0.370049	-0.00354294	0.0522924	0.00552603	0.000891145	63.3219	0	257.819	0	
10069	11	392.323	0.0381565	-0.0195734	-0.604108	0.0910364	-0.0678968	0.99353	0	1	0	0.042254	SD_scint_EAST	0	0	0	0	0	0	0	0	0	0	0	0	11356	0	SD_wireVol_EAST	0	0	0	0	0	0	0	0	0	0	0	0	2.18349e+06	18.228	SD_scint_WEST	385.81	357.219	1.1423e-08	121	18.6512	-9.26504	-0.514982	0.901668	0.222502	0.000698764	15.5009	0	385.81	500	SD_wireVol_WEST	1.17672	1.14282	1.12677e-08	1	0.0576661	-0.0289968	-0.00316486	0.00284154	0.000718506	4.41622e-05	6.57202	11.2532	390.559	389.382	
10070	11	112.735	0.0202523	0.0314474	0.532611	0.51997	0.697179	0.49353	0	1	0	0.10824	SD_scint_EAST	0	0	0	0	0	0	0	0	0	0	0	0	17959.7	0	SD_wireVol_EAST	0	0	0	0	0	0	0	0	0	0	0	0	2.1873e+06	-3.64175	SD_scint_WEST	81.2459	66.6258	1.86365e-08	28	2.06218	3.41609	-0.140571	0.0523421	0.143634	0.000243219	71.4436	0	81.2459	500	SD_wireVol_WEST	2.32874	2.16615	1.77822e-08	1	0.0572527	0.0972465	-0.000740873	0.0014201	0.00408695	8.50978e-05	34.6291	34.1641	109.494	107.245	
10071	11	520.717	0.00955646	-0.0441326	-0.404889	-0.515504	-0.691191	-0.50647	0	1	0	0.08995	SD_scint_EAST	511.496	479.666	1.25531e-08	181	-7.25542	-31.4078	-0.398257	0.102917	1.92856	0.000405517	37.188	0	511.496	0	SD_wireVol_EAST	2.48151	2.42297	1.23531e-08	1	-0.0355724	-0.144224	-0.00783077	0.000536617	0.00841123	9.82472e-05	42.8234	45.3949	518.347	515.865	SD_scint_WEST	0	0	0	0	0	0	0	0	0	0	0	0	-1000	500	SD_wireVol_WEST	0	0	0	0	0	0	0	0	0	0	0	0	0	0	
10072	11	84.7751	-0.0180332	-0.0100344	1.43495	-0.396849	0.666151	-0.63147	0	1	0	0.104923	SD_scint_EAST	69.8971	56.2427	3.64827e-08	22	1.78667	-0.887751	-0.119734	0.04567	0.0112752	0.000205116	12.5597	0	69.8971	0	SD_wireVol_EAST	4.20956	3.84805	3.62196e-08	2	0.102734	-0.0536688	-0.00042065	0.00251744	0.00068803	0.000141075	26.6234	0	81.4241	-22.6714	SD_scint_WEST	0	0	0	0	0	0	0	0	0	0	0	0	-1000	500	SD_wireVol_WEST	0	0	0	0	0	0	0	0	0	0	0	0	0	7.29112e-301	
10073	11	482.113	-0.0543928	0.0155012	-1.37755	0.475776	-0.798638	0.36853	0	1	0	0.085004	SD_scint_EAST	0	0	0	0	0	0	0	0	0	0	0	0	0	0	SD_wireVol_EAST	0	0	0	0	0	0	0	0	0	0	0	0	2.14118e+06	5.44153	SD_scint_WEST	0	0	0	0	0	0	0	0	0	0	0	0	-1000	500	SD_wireVol_WEST	0	0	0	0	0	0	0	0	0	0	0	0	0	0	
10074	11	185.353	-0.00518066	-0.0131305	1.25917	0.425804	0.253666	0.86853	0	1	0	0.064905	SD_scint_EAST	0	0	0	0	0	0	0	0	0	0	0	0	4972.27	0	SD_wireVol_EAST	0	0	0	0	0	0	0	0	0	0	0	0	2.1573e+06	-6.56802	SD_scint_WEST	159.949	140.349	5.31008e-09	43	-0.999184	-2.82123	-0.265029	0.00624192	0.0497624	0.000439389	38.4167	0	159.949	500	SD_wireVol_WEST	2.92051	2.7701	5.01687e-09	1	-0.0147987	-0.046634	0.00331153	8.05186e-05	0.000752526	0.00011447	55.9667	53.5218	171.23	168.161	
10075	11	303.923	-0.0232172	0.0534771	-1.17833	-0.851649	-0.507356	-0.13147	0	1	0	0.114084	SD_scint_EAST	0	0	0	0	0	0	0	0	0	0	0	0	0	0	SD_wireVol_EAST	0	0	0	0	0	0	0	0	0	0	0	0	-1.5e+06	0.241391	SD_scint_WEST	0	0	0	0	0	0	0	0	0	0	0	0	-1000	500	SD_wireVol_WEST	0	0	0	0	0	0	0	0	0	0	0	0	0	0	
10076	11	616.356	0.0286425	-0.00233311	0.849017	0.227013	0.896073	-0.38147	0	1	0	0.093874	SD_scint_EAST	608.582	574.502	2.80055e-08	176	-18.8847	-3.07319	-0.729231	0.586164	0.0155839	0.000897131	43.094	0	609.354	0	SD_wireVol_EAST	1.51291	1.48128	2.78061e-08	1	-0.0503686	-0.000989842	-0.00720843	0.00170546	3.37897e-06	7.68079e-05	46.8435	44.1358	613.333	611.819	SD_scint_WEST	0	0	0	0	0	0	0	0	0	0	0	0	-1000	500	SD_wireVol_WEST	0	0	0	0	0	0	0	0	0	0	0	0	0	0	
10077	11	154.39	0.039937	0.0339208	-0.838483	-0.19297	-0.761697	0.61853	0	1	0	0.092134	SD_scint_EAST	0	0	0	0	0	0	0	0	0	0	0	0	0	0	SD_wireVol_EAST	0	0	0	0	0	0	0	0	0	0	0	0	1.5e+06	5.45003	SD_scint_WEST	144.274	125.229	2.4796e-08	45	7.93484	6.02957	-0.237762	0.436403	0.251991	0.000392083	43.5676	0	144.274	500	SD_wireVol_WEST	2.27792	2.15059	2.45383e-08	1	0.118591	0.0969749	-0.00569292	0.00621098	0.00415093	0.000113407	36.6173	36.139	151.615	149.265	
10078	11	366.811	0.0139415	-0.0201204	1.04824	-0.962542	0.243852	0.11853	0	1	0	0.122833	SD_scint_EAST	0	0	0	0	0	0	0	0	0	0	0	0	24590.4	0	SD_wireVol_EAST	0	0	0	0	0	0	0	0	0	0	0	0	2.15816e+06	7.22762	SD_scint_WEST	338.438	311.312	2.48247e-08	109	6.10059	-10.6927	-0.548197	0.109993	0.337832	0.000888498	34.9349	0	338.438	500	SD_wireVol_WEST	2.47196	2.39682	2.46096e-08	2	0.0394715	-0.0735128	-0.0137823	0.000635781	0.0022083	0.000136152	46.333	0	362.707	0	
10079	11	244.667	0.00968721	0.0534015	-1.01426	0.457778	-0.115974	-0.88147	0	1	0	0.053675	SD_scint_EAST	0	0	0	0	0	0	0	0	0	0	0	0	0	0	SD_wireVol_EAST	0	0	0	0	0	0	0	0	0	0	0	0	-2.13191e+06	7.78089	SD_scint_WEST	0	0	0	0	0	0	0	0	0	0	0	0	-1000	500	SD_wireVol_WEST	0	0	0	0	0	0	0	0	0	0	0	0	0	0	
10080	11	48.9667	0.0564429	0.00722679	0.262347	0.0610368	0.404001	-0.91272	0	1	0	0.175724	SD_scint_EAST	0	0	0	0	0	0	0	0	0	0	0	0	0	0	SD_wireVol_EAST	0	0	0	0	0	0	0	0	0	0	0	0	-2.1319e+06	19.0239	SD_scint_WEST	0	0	0	0	0	0	0	0	0	0	0	0	-1000	500	SD_wireVol_WEST	0	0	0	0	0	0	0	0	0	0	0	0	0	0	
10081	11	446.501	0.00490507	-0.00379158	-0.300153	-0.148815	-0.985006	0.0872803	0	1	0	0.120133	SD_scint_EAST	0	0	0	0	0	0	0	0	0	0	0	0	90447.3	0	SD_wireVol_EAST	0	0	0	0	0	0	0	0	0	0	0	0	2.15734e+06	13.0669	SD_scint_WEST	437.914	408.197	9.06808e-08	141	5.03929	-0.779584	-0.461295	0.05799	0.00143684	0.000535204	45.5237	0	437.914	500	SD_wireVol_WEST	1.23355	1.20099	9.04755e-08	1	0.0120987	-0.0063078	-0.00562172	0.000123441	4.0451e-05	5.58136e-05	44.1512	43.3963	442.061	440.828	
10082	11	220.784	0.0378214	0.0400948	0.086566	-0.800302	0.12091	0.58728	0	1	0	0.078962	SD_scint_EAST	0	0	0	0	0	0	0	0	0	0	0	0	0	0	SD_wireVol_EAST	0	0	0	0	0	0	0	0	0	0	0	0	2.13191e+06	-9.6493	SD_scint_WEST	0	0	0	0	0	0	0	0	0	0	0	0	-1000	500	SD_wireVol_WEST	0	0	0	0	0	0	0	0	0	0	0	0	0	0	
10083	11	340.549	0.000474845	-0.0162742	-0.100934	0.900637	-0.136069	-0.41272	0	1	0	0.098037	SD_scint_EAST	311.615	285.653	1.94184e-08	105	-0.471801	-6.26052	-0.447886	0.000714827	0.125778	0.000652453	39.7127	0	311.615	0	SD_wireVol_EAST	1.40631	1.35922	1.92156e-08	1	0.000778194	-0.024731	-0.00532599	5.97062e-07	0.000441924	5.69013e-05	45.095	38.7977	338.512	314.161	SD_scint_WEST	0	0	0	0	0	0	0	0	0	0	0	0	-1000	500	SD_wireVol_WEST	0	0	0	0	0	0	0	0	0	0	0	0	0	0	
10084	11	547.516	-0.0472454	0.023508	0.42641	-0.58563	0.794078	-0.16272	0	1	0	0.216855	SD_scint_EAST	0	0	0	0	0	0	0	0	0	0	0	0	0	0	SD_wireVol_EAST	0	0	0	0	0	0	0	0	0	0	0	0	-2.1333e+06	-20.0498	SD_scint_WEST	0	0	0	0	0	0	0	0	0	0	0	0	-1000	500	SD_wireVol_WEST	0	0	0	0	0	0	0	0	0	0	0	0	0	0	
10085	11	127.837	-0.0198503	-0.00665965	-0.51109	0.324533	-0.440046	0.83728	0	1	0	0.062221	SD_scint_EAST	0	0	0	0	0	0	0	0	0	0	0	0	17469.4	0	SD_wireVol_EAST	0	0	0	0	0	0	0	0	0	0	0	0	2.15733e+06	3.41466	SD_scint_WEST	116.475	99.2832	1.77316e-08	41	-2.87271	-0.831999	-0.193578	0.0708522	0.00594318	0.000321855	12.9097	0	116.475	500	SD_wireVol_WEST	3.44271	3.22039	1.75015e-08	2	-0.08516	-0.0262069	-0.0128648	0.00211481	0.00020206	0.000135673	27.3319	0	123.41	0	
10086	11	407.946	-0.0113686	0.0495533	0.625628	0.757646	0.558762	0.33728	0	1	0	0.093615	SD_scint_EAST	0	0	0	0	0	0	0	0	0	0	0	0	0	0	SD_wireVol_EAST	0	0	0	0	0	0	0	0	0	0	0	0	2.13865e+06	-17.6011	SD_scint_WEST	0	0	0	0	0	0	0	0	0	0	0	0	-1000	500	SD_wireVol_WEST	0	0	0	0	0	0	0	0	0	0	0	0	0	0	
10087	11	279.632	-0.0136956	-0.0218507	-0.686872	-0.602691	-0.444484	-0.66272	0	1	0	0.081353	SD_scint_EAST	270.001	245.193	9.52876e-09	96	4.99451	-7.9459	-0.370971	0.0923895	0.233841	0.000518384	44.7628	0	270.001	0	SD_wireVol_EAST	1.73756	1.6738	9.31672e-09	1	0.0282862	-0.0511549	-0.005747	0.00046392	0.00152018	7.82793e-05	37.6556	40.6451	277.301	275.573	SD_scint_WEST	0	0	0	0	0	0	0	0	0	0	0	0	-1000	500	SD_wireVol_WEST	0	0	0	0	0	0	0	0	0	0	0	0	0	0	
10088	11	317.226	0.0476492	-0.0129493	1.15297	-0.722005	0.435392	-0.53772	0	1	0	0.088559	SD_scint_EAST	286.737	261.38	2.56829e-08	78	-17.7403	-4.13956	-0.430925	1.09758	0.0597649	0.00065159	69.0044	0	286.737	0	SD_wireVol_EAST	2.17407	2.09858	2.53378e-08	1	-0.125059	-0.0391933	-0.00819011	0.00725817	0.0007156	0.000131955	62.941	60.987	300.285	297.911	SD_scint_WEST	0	0	0	0	0	0	0	0	0	0	0	0	-1000	500	SD_wireVol_WEST	0	0	0	0	0	0	0	0	0	0	0	0	0	0	
10089	11	198.524	0.0266766	0.0152756	-1.28453	0.75935	-0.457912	0.46228	0	1	0	0.10023	SD_scint_EAST	0	0	0	0	0	0	0	0	0	0	0	0	34550.8	0	SD_wireVol_EAST	0	0	0	0	0	0	0	0	0	0	0	0	2.17385e+06	-9.49378	SD_scint_WEST	179.366	158.529	3.48644e-08	53	6.51084	3.4018	-0.305055	0.236339	0.0645178	0.000519029	62.69	0	179.366	500	SD_wireVol_WEST	8.22025	7.83235	3.44508e-08	4	0.271527	0.169987	0.00494321	0.00900416	0.00352635	0.000124329	41.4276	0	195.992	0	
10090	11	503.745	0.0193715	-0.0431613	1.35219	0.140493	0.232977	0.96228	0	1	0	0.052806	SD_scint_EAST	0	0	0	0	0	0	0	0	0	0	0	0	0	0	SD_wireVol_EAST	0	0	0	0	0	0	0	0	0	0	0	0	2.20002e+06	32.2448	SD_scint_WEST	498.63	467.203	3.37966e-09	158	12.3064	-27.9146	-0.578404	0.303796	1.56278	0.000690925	5.90366	0	498.63	500	SD_wireVol_WEST	1.25854	1.22818	3.2313e-09	1	0.0304491	-0.0698026	-0.00220437	0.00074115	0.00389045	4.05687e-05	12.774	11.6032	501.72	500.461	
10091	11	101.465	0.012171	0.031992	-1.46031	-0.516036	-0.855736	-0.0377197	0	1	0	0.37883	SD_scint_EAST	0	0	0	0	0	0	0	0	0	0	0	0	0	0	SD_wireVol_EAST	41.6275	37.5406	2.31746e-08	13	-0.806678	1.72246	-0.0638037	0.0156957	0.0713953	0.00144473	80.5184	0	69.0912	4.66767	SD_scint_WEST	0	0	0	0	0	0	0	0	0	0	0	0	-1000	500	SD_wireVol_WEST	0	0	0	0	0	0	0	0	0	0	0	0	0	0	
10092	11	257.511	-0.0336	-0.0292557	0.942035	0.929634	0.230211	-0.28772	0	1	0	0.11657	SD_scint_EAST	234.207	210.864	4.47581e-08	82	10.7309	-8.35316	-0.361614	0.49167	0.297922	0.000559919	56.2228	0	234.207	0	SD_wireVol_EAST	2.539	2.43621	4.4473e-08	2	0.109153	-0.0891432	-0.00141105	0.00471963	0.00315569	0.000137347	51.8327	0	241.533	15.0093	SD_scint_WEST	0	0	0	0	0	0	0	0	0	0	0	0	-1000	500	SD_wireVol_WEST	0	0	0	0	0	0	0	0	0	0	0	0	0	0	
10093	11	381.518	-0.0365861	0.00252864	-1.12047	-0.681316	-0.168718	0.71228	0	1	0	0.960329	SD_scint_EAST	0	0	0	0	0	0	0	0	0	0	0	0	18565.7	0	SD_wireVol_EAST	0	0	0	0	0	0	0	0	0	0	0	0	2.18404e+06	-0.506059	SD_scint_WEST	254.847	244.07	1.86348e-08	101	-11.8833	0.117348	-0.431748	0.554113	5.70257e-05	0.000731697	20.6371	0	373.127	500	SD_wireVol_WEST	45.8701	41.5483	1.8463e-08	13	-2.25956	0.00132748	-0.0330345	0.111664	6.15634e-05	0.00122971	31.4989	0	380.087	0	
10094	11	168.116	-0.00703013	-0.0416588	0.766253	-0.234897	0.948557	0.21228	0	1	0	0.116127	SD_scint_EAST	0	0	0	0	0	0	0	0	0	0	0	0	24707.7	0	SD_wireVol_EAST	0	0	0	0	0	0	0	0	0	0	0	0	2.15733e+06	-14.1472	SD_scint_WEST	147.181	128.104	2.51541e-08	45	-2.13316	-7.84861	-0.249657	0.0309175	0.418536	0.000423632	63.1473	0	147.181	500	SD_wireVol_WEST	3.40028	3.21586	2.47451e-08	2	-0.0379193	-0.178693	-0.00684801	0.000426842	0.0094431	0.000134852	51.1451	0	158.791	0	
10095	11	695.845	-0.0229765	0.0323056	-0.921247	0.148079	-0.597972	-0.78772	0	1	0	0.073463	SD_scint_EAST	688.34	652.688	5.81472e-09	205	19.024	31.4305	-0.492829	0.525829	1.43528	0.00047168	33.869	0	688.34	0	SD_wireVol_EAST	1.83199	1.79685	5.6452e-09	2	0.0495578	0.0798061	-0.00555246	0.0013624	0.00349297	0.00010392	35.6264	0	692.578	25.9884	SD_scint_WEST	0	0	0	0	0	0	0	0	0	0	0	0	-1000	500	SD_wireVol_WEST	0	0	0	0	0	0	0	0	0	0	0	0	0	0	
10096	11	175.826	0.00525315	-0.0373809	-0.206403	-0.024419	0.525861	-0.85022	0	1	0	0.07388	SD_scint_EAST	167.167	146.86	1.1582e-08	63	-0.984003	-8.18373	-0.267653	0.00579226	0.400637	0.000429146	38.5049	0	167.167	0	SD_wireVol_EAST	1.92637	1.82854	1.13568e-08	1	-0.0114089	-0.0924345	-0.00456424	6.91957e-05	0.0044606	8.2128e-05	30.4319	28.1414	173.932	171.943	SD_scint_WEST	0	0	0	0	0	0	0	0	0	0	0	0	-1000	500	SD_wireVol_WEST	0	0	0	0	0	0	0	0	0	0	0	0	0	0	
10097	11	294.525	0.0273472	0.0362902	0.356097	0.045863	-0.987655	0.14978	0	1	0	0.127711	SD_scint_EAST	0	0	0	0	0	0	0	0	0	0	0	0	41460.4	0	SD_wireVol_EAST	0	0	0	0	0	0	0	0	0	0	0	0	2.15832e+06	13.7593	SD_scint_WEST	279.314	254.206	4.16875e-08	109	9.93201	12.8086	-0.388936	0.353168	0.587376	0.000549739	52.2341	0	279.314	500	SD_wireVol_WEST	2.16082	2.08299	4.14519e-08	2	0.0841051	0.0976875	-0.00260198	0.00329302	0.00443855	0.000102238	43.1895	0	284.863	0	
10098	11	71.9621	0.0299023	-0.0275212	-0.00718403	0.759304	0.0352592	0.64978	0	1	0	0.210126	SD_scint_EAST	0	0	0	0	0	0	0	0	0	0	0	0	22295.3	0	SD_wireVol_EAST	0	0	0	0	0	0	0	0	0	0	0	0	2.15734e+06	5.21115	SD_scint_WEST	0	0	0	0	0	0	0	0	0	0	0	0	-1000	500	SD_wireVol_WEST	19.5028	16.7013	3.62919e-08	8	0.719423	-0.672234	-0.0449761	0.026593	0.0232193	0.000667818	71.1223	0	45.8574	0	
10099	11	467.825	0.043147	0.0017891	0.180316	-0.935659	-0.0434485	-0.35022	0	1	0	0.096787	SD_scint_EAST	440.635	411.351	2.41933e-08	151	-23.5518	-1.38652	-0.509724	1.25889	0.00445381	0.000647255	48.9473	0	461.659	0	SD_wireVol_EAST	1.62875	1.58733	2.3974e-08	2	-0.091228	0.000100894	-0.00355296	0.00514305	1.29792e-05	5.44447e-05	48.4823	40.9308	465.815	0.43233	SD_scint_WEST	0	0	0	0	0	0	0	0	0	0	0	0	-1000	500	SD_wireVol_WEST	0	0	0	0	0	0	0	0	0	0	0	0	0	0	
Total number events: 100 || Final kill count: 0
